45 35
5 5 5
2 2 2 3 2 3
1 1 1 2 1 4 1 2
2 2 4 2 2 2 2
1 1 2 1 2 1 2
1 1 2 1 2 1 2
2 3 2 2
2 4 3 2
2 1 2 1 2 2 1 2
7 2 1 2 5
5 5 1 1
1 1 1 1 5
5 5 1 1
1 1 1 1 5
5 5 5
5 5 5
5 5 7
7 7 1 5
7 9 2
11 2 5 1
3 7 13
2 7 17
1 6 7 11
2 6 6 11
1 6 8 12
1 5 5 14 2
1 5 4 2 9 1
1 5 6 2 8 1
1 5 10 9 1
1 5 10 9 1
1 4 12 10 1
1 4 25 1
1 4 25 1
1 4 25 1
2 3 24 1
7 23 2
2 3 22 1
2 2 22 1
3 3 20 1
3 2 19 2
3 2 2 13 2
7 2 7 2
5 3 3
4 3
9
13
5 5 6
3 4 1 1 5 7 7
2 3 1 7 12 5
1 3 2 1 6 16 3
1 2 3 1 25 2
1 2 1 16 5 2
2 3 1 13 5 5
3 4 1 1 8 11 2
5 5 15
6 4 17
3 3 1 1 4 20
2 2 1 5 18 2
1 3 1 1 6 5 14 1
1 2 2 1 6 4 13 2
2 1 1 5 5 13 1
3 3 1 5 6 18 2
9 1 1 2 3 18 2
6 1 2 2 12 1
2 2 1 1 2 3 1 11 1
2 2 1 4 4 2 11 1
1 3 1 1 5 7 11 1
1 2 2 1 5 8 12 1
2 1 1 5 22 1
3 3 1 6 21 1
8 1 1 3 21 2
4 21 1
20 2
18 1
17 2
3 10 2
3 6 2
2 2
2 3
7