40 40
7
2 2
2 1
1 1
10
5 2 1
5 3
5 1 2
2 3 2 1 2
2 1 3 2 1
2 1 4 1 1
2 1 1 1
2 2 2 2 1
4 2 2 9 1 1
6 4 1 1 2
5 4 2 1 2
5 2 1 2 1 3
8 2 3 4 5 4
8 10 1 1 1 5
8 11 2 1 1 6
8 27
5 11 3 5
1 5 11 2 5
1 5 5 18
1 4 4 7 5 1
1 4 4 4 2 5 6
1 8 5 16
2 4 3 4 5 4
2 4 2 4 4 4
2 7 5 18
2 4 1 4 5 2 1
2 4 1 4 5 2 1
3 6 8 10
3 4 7 2
3 4 6 2
3 3 6 6
3 8 2
4 6 2
4 6 3
4 2 2
1 18
1 2 13
4 8
8 3
10
12
13
16
2 15
2 2 13 1
2 2 13
2 2 8 11
2 2 13 8
2 19 3
1 3 11 4
1 3 6 9
1 4 5 11
4 1 1 19
2 5 1 18
2 6 1 12 4
1 3 2 1 10 4
1 3 2 1 8 4
1 1 1 1 1 1 2 1 2 4
1 2 2 1 1 7 3 3
1 3 2 3 5 2 4
2 1 1 2 2 4 5
7 3 6 1 4
2 2 1 1 1 5
5 1 1 5 2
1 1 5 3
4 4 1 2
1 5 1 2
5 1 1 3
5 1 1 1 1
8 1 1 1
5 2 1 1 2
5 5 1 3
5 5 1 1 2
6 5 1 1 2
6 8 1 2
