30 30
4 3
1 6 1 2
2 1 5 2
2 1 4 2 3
3 5 4 2 5
6 4 8 1
4 5 5 1 2
3 9 1 3
1 4 4 9
3 8 3
7 14
6 3 3 4
2 3 2 3
1 6 2 4
2 6 1 1 3
2 3 2 1 2
4 1 2 1
1 3 1 2
1 4 1 6
2 4 4 2
5 2 3 2
7 1 3 1
4 4 4 7
2 4 3 9
2 8 10
1 10 4 3
2 4 1 4 2 1
5 1 5 1 2
11 2 6 2 3
11 6 5 4
5 4 7 5
5 3 2 5 4
3 3 3 5 3
3 5 1 3 1 3
3 3 1 2 1 3
2 2 2 1 1 1 2
1 3 1 2 2 2 2
2 2 2 1 5 2
3 2 3 1 5 2
7 1 3 2 5 2
2 3 1 2 1 4 2
2 5 3 2 2
3 5 2 14
5 9 4 2
8 2 2 1
6 2 2 3
8 1 1 4
1 6 2 5
1 3 3 1 5
6 5 2 5
3 2 1 2 1 2 2
2 1 3 1 2 1
2 1 1 2 2 2 1
2 2 2 2 1 3 1
2 3 2 2 1 3 2
4 2 3 7
3 2 5 1
3 2 4 2
3 2 3 3
4 4 4
