50 50
17 5
3 6 5 2
3 3 1 2 4
3 2 2 2 2
3 2 12 6 2
3 1 2 2 2 3 5 1
4 2 1 1 2 4 1
4 3 3 2 2 3 1 2 1
4 5 1 2 2 1 2 1 1
4 3 2 1 1 1 1 1
3 3 2 10 1 3
3 9 1 1 1 1 1 3
4 4 1 2 2 1 1 3
4 3 1 7 2 1 1
3 12 6 1 1 1 3
3 14 1 9 1 1
3 4 3 1 4 2 2 2 1 1
2 3 1 1 1 1 1 2 1 1 2
1 21 1 1 1 1 1 1 3
27 1 4 1 5
2 2 7 12 2
2 2 2 2
1 2 7 1 1
1 4 9 2 2
1 7 2 10 6
1 2 7 4 12 6
1 2 1 4 5 2 5 3 2
1 2 2 2 1 1 1 1 3 2 1
1 7 1 3 4 1 3 3 2
1 2 4 3 4 2 3 6
1 2 4 2 3 2 6
1 2 9 2 1 4 3 2
1 10 2 3 4 2 2 1
9 1 2 2 7 1 3 2
3 2 1 1 2 8
1 4 2 1 7
1 6 4 3 2 7
1 30 2 7
3 17 12 7
1 8 5 1 8 7
8 1 5 5 10
3 7 8 2 3
1 14 1 4 2
1 8 13 4 1 2
15 17 1 3
2 7 3 1 6 2 1 6
8 3 4 2 2 5
5 7 2 16
2 12 2 3 1 6
2 28 11
6 6 10
3 16 4 6
3 1 2 2 2 1 2
3 1 2 1 1 1 2
3 16 4 4
2 17 4 3
3 4 2 1 2 4 3 1
3 4 3 1 2 4 4 1
3 2 2 2 1 3 4 3 1
3 3 2 2 1 2 4 3 1
3 3 2 2 2 2 4 3 1
4 4 2 1 1 2 4 2 2
3 4 2 1 1 1 2 3 8
3 2 2 2 5 1 1 4 8
3 3 2 2 1 1 2 1 8
3 3 2 2 5 2 1 3
3 4 2 2 5 7 1 3
3 2 1 2 2 7 3
3 2 1 2 2 7 3
2 3 1 2 2 8 2
1 6 5 2 9 2
1 2 3 2 2 3 2 4 2
1 2 3 1 1 2 5 2 1 4 2
1 1 2 1 4 1 3 2 3 1
3 1 5 2 1 1 2 3 1
2 3 3 1 2 2 3 2 3 1
2 3 2 1 9 1 2 2 1 2 7
2 1 2 2 2 1 2 5 4 7
3 1 1 2 5 3 5 4 4 1
2 1 1 2 1 1 3 7 3 1
1 3 2 2 2 1 1 2 1 4 1 2 1
1 3 2 1 2 5 2 2 1 4 2 1
1 1 1 2 2 5 2 1 7 2
1 1 6 4 4 5 7 2
2 2 1 3 2 6 1 3 11
1 3 1 1 5 2 2 7
2 3 1 1 4 1 2 1 1
2 1 1 1 6 1 1 1 1
2 1 1 1 5 3 1 1
1 1 2 1 10 1 3
1 1 2 3 1 7 2 1 5 1
1 2 3 4 5 3 1 2 1
2 1 2 1 4 1 1 1
2 2 28 1 1
1 4 3 23 3
1 2 13 3 4 8 6
2 2 2 2 2 7 6
2 6 1 4 2 3 9 5
3 3 4 2 4 14 5
8 3 3 4 5
