50 50
1 3
6 1
5 8
9 4 2
3 2 3 2 2 2
5 1 5 3 1 1 3
2 3 3 6 1 2
1 2 2 8 4 3
7 2 2 8 1 3
2 4 1 1 2 3 1
1 5 1 3 2 1 1 1 2
1 2 4 2 3 5 1 3
3 2 8 3 15
5 5 2 3 5 4
5 8 1 7 7 1
6 35
6 2 2 15 3 3 2 2
2 4 2 2 2 9 2 2 2 2
1 5 2 2 2 2 3 2 2 2 2 3
1 5 1 1 4 7 2 2 2 4
1 1 4 2 2 5 2 1 2 2 2 4 1
1 1 4 2 2 2 2 2 2 2 4 1 1
1 1 4 2 2 2 2 2 5 1 3
1 1 5 2 2 2 2 6 2 5
1 1 1 4 2 2 2 5 3 6
1 1 1 4 5 6 2 3 2 2
1 1 1 5 2 4 3 2 6 2
1 1 1 7 2 3 5 3 4
4 1 1 6 4 6 10
24 9 2
12 5 10 2
6 2 8 3 8
1 2 10 3 2
1 12 3 3 2
5 1 8 2 5 2 3
5 1 4 2 1 3 2 3
1 2 1 2 2 1 2 3 2 1 1
5 1 2 2 2 1 2 2 2 1
1 9 2 2 4 1 7 1
1 9 2 2 3 1 1 2 2
1 2 4 2 2 2 2 1 4
1 4 4 2 2 1 2 4
1 4 2 2 2 1 3
1 2 3 2 2 1 3
1 2 2 3 2 2 3 4 2
1 2 2 2 2 2 6 2 2 3 2
6 4 2 2 7 1 3 1 1 2 1
1 3 4 2 9 1 1 1 5 3 1
12 11 5 3 5 3 1
12 7 7 2 4 2 1
6 18 2 1 1 2
3 2 6 3 16
2 1 6 3 2 1 1 2
3 1 19 16
5 7 2 16
6 6 2 2 2 4
6 15 2 2 2 2
2 4 6 3 2 2 2
2 5 5 3 4 4
5 2 6 11 4 2 4
2 4 1 3 3 5 3 12
1 2 2 4 2 26
2 1 3 1 5 2 5
2 1 2 1 2 3 2 5
2 3 1 3 2 2 23
2 4 3 3 2 26
3 4 3 4 2 2 3 3 2
8 5 2 3 2 3 2
6 1 1 2 2 3 2 2 2
4 2 1 7 5 18
1 1 1 8 4 18
1 2 1 3 1 2 2 2 3 2
2 1 1 4 2 3 1 2 2
3 1 1 1 6 1 3 2 2 2
5 3 2 7 4 3 3
7 3 5 3 4 3 2
4 7 1 2 2 2 2 2 1
3 1 11 3 1 3 2 1
3 2 6 2 3 2 3 2 1
2 3 4 2 4 2 2 1 2 2
12 2 2 2 2 2 3 2 2 2
2 2 1 4 3 1 3 1 4 2 2
1 1 5 3 2 2 1 2 1 2 2
1 2 2 4 2 1 1 9
1 3 2 13 2
1 4 4 12 5
1 5 2 10 2 2
4 2 2 2 2 2 3 3
3 2 7 2 1 2
4 3 2 1 2 2 1 5
6 2 1 1 2 4 2 3
2 7 2 1 1 3
2 2 16 6
2 1 17 2 2
6 1 2 1
2 2 1 1 4
1 1 1 1 2 2 4
3 1 4 4 2
1 2 7
1 15
