30 30
7
11
7 4
7 3
6 3
9 3 5
10 2 5
9 1 2 5
11 1 3
3 6 3 2
2 9 3
3 11 4
2 2 14
2 3 4 5
2 3 2 4 3
2 2 4 6
1 1 2 10 2
6 2 4 1 2 2
1 3 4 1 4 3
1 2 9 4 1 2
1 1 2 2 2 2 2
1 1 1 2 3 1
1 2 1 5 1 1
2 3 1 2 3
1 2 2 2 3
2 2 2 2 2
4 2 5
2 2 1
2 4
14 2
5 4
10 3
5 1 3
4 1 2
4 2 3 1
4 3 2 5 1
4 2 2 2 2
11 2 2
11 2 2 2
11 2 3 3
12 2 6 1
6 13 3 1
8 5 6 1
4 4 4 1
4 3 4 4 1
3 3 1 1 1 1 1 1
2 1 1 1 1 1 1 1
2 2 1 1 1 1 1
3 3 3 1 1 1
3 3 4 5 3 1
13 2 2 2 1
10 1 1 2 2 5
5 3 4 2 3
2 4 2 1 2
2 2 1 4
2 3 2
6 2
2 4
3 2
5
