30 30
3 12
2 5 8
2 1 5 8
2 2 4 7
2 2 3 5
1 2 3 5
1 2 5 3 5
3 2 2 2 2 1 3
3 2 2 2 2 3
1 2 2 2 3
3 1 1 4
13 5
4 10 7
1 4 1 9
1 2 4 7
1 4 2 7
1 2 2 2 5
1 9 1 4
1 10 2 2
12 3 2
1 4 2 1 1
1 4 2 1 2
1 3 3 1 1
1 2 3 1 2
1 1 1 2 3 1
1 1 1 1 4 1
1 1 4 1
1 3 2 1 1
2 5 2 1 2
3 6 16
4 10
1 3 2 6 2
4 2 2 1 1
2 2 2 1 1
4 2 1 1 5
2 2 3 1 7
3 1 3 6 1
2 11 2
2 5 3
9 3 6
12 3 3
7 3 7 2
4 3 2 8
4 3 3 3 4
3 1 2 2 2 2
1 1 5 1 3
2 2 1 1 2 1
3 1 2 1 1 1 1
4 3 2 1 1 1
4 3 1 2 5
5 5 1 1
8 5 1 1
7 6 2 1 1
16 3 1
16 1 1
13 1 1
8 1
6 1
3 2
7
