45 45
12
12
9
4 7 6
6 5 8 4
3 8 9 6 2
4 1 6 7 6 4
6 6 9 6 2
3 16 2 1 1
12 1 2
10 4 4 1 4 3
16 7 2 2 2 2
16 2 2 1 2 1 2
12 1 1 2 3 5
9 3 4 5
5 2 2 1 2 3
4 2 2 4 4
2 4 6 2 3 2 2 2 3
3 1 4 7 1 2 4 1 2
4 2 2 2 2 3 4 2 1
6 1 1 3 1 6 7 1 1
8 1 2 2 5 4 4
9 3 1 3 2 3
9 3 3 3 6 2
5 10 3 2 5 2
3 7 3 6 3 1 5 2
3 6 3 7 2 9
2 5 3 1 6 4 5
2 5 2 2 2 6 4
2 4 2 4 2 2 6 3
1 4 2 4 1 2 2 3 5 4
6 2 3 1 1 2 2 12 4
4 2 1 1 2 2 4 5 4
4 1 3 1 1 2 1 5 4 1
4 1 1 2 1 1 2 6 6
6 3 2 5 13
8 2 2 1 2 9
4 7 1 2 8
2 1 2 3 8
3 2 7 8
7 4 5 7 8 2
4 3 2 2 3 8 8 2
4 3 2 3 9 8 2
4 5 29
4 3 29
2 13 5 3
3 12 7 4
3 9 7 5
3 6 11 5
5 5 6 3 2
3 3 2 4 7 2 2
2 1 3 4 3 9 5
3 6 2 3 4 6
11 2 2 2 3 1 3
12 3 2 3 2 1 3
11 3 1 1 1 1 3
12 2 2 1 1 1 1 2
14 2 3 3 2 9
7 10 2 3 2 5
6 10 4 4 2 1
5 9 2 3 7 2
4 5 4 2 4 4
9 4 2 2 3 5 3
3 5 4 2 1 2 4 3
3 5 4 2 2 3 6 2 3 2
8 3 3 4 6 1 3 2
2 5 3 5 3 3 3 2
2 3 1 2 2 2 2 6 1 4 2
2 3 1 2 5 6 2
1 3 5 4 3 4 3
1 3 2 3 2 2 4
2 1 2 3 2 5
2 3 3 3 3 5
3 14 2 5
3 13 4 5
4 11 2 5
2 2 5 1 5
2 3 3 5 2 5
2 2 2 3 3 7 2
2 2 1 4 2 2 16
2 2 2 2 3 1 1 14
4 5 1 2 2 2 14
3 3 1 8 12
2 2 8 10
2 4 4 13
3 4 4 15
3 2 3 4 20
3 1 3 2 2 11 2
2 6 1 11 1 5
1 4 1 9 2 5