40 40
10
2 2 2
8 2 3 2
2 2 1 2 2 1
5 2 1 1 1 1 1
9 2 1 1 2 3
12 1 2 3
1 1 2 3 6 2
1 1 2 8 2
1 1 3 3 2
1 1 3 4 3 1
2 2 6 2 2 2
2 5 9 1 1 4
2 1 5 1 2 1 7
2 5 2 1 2 2 6
3 2 3 1 2 1 6
1 3 1 1 5 2 2 1 5
1 7 1 1 4 2 1 5
1 1 1 1 1 5 1 1 5
4 1 2 2 4 1 5
1 4 1 1 6 1 1 4
1 7 5 2 1 4
1 2 2 9 1 1 2
2 4 3 5 3 2 1
8 4 9 3
16 6 5
17 3 7
18 6 9
1 12 23
1 14 8
30
2 27
1 19 7
1 9 9 3
1 9 8
1 8 8
5 8 8
1 15 7
1 12 7
1 8 15
1 1 1
2 10
4 9 1
5 9 1 1
5 1 5 1 1
2 3 6 1 1
2 2 1 7 1 1
2 2 1 7 1 1
3 1 1 6 1 1
3 1 1 1 5 1 1
6 2 1 1 4 1 1
2 2 2 5 4 1 2 1
1 4 1 1 2 1 4 1 6
1 2 1 2 1 5 9
1 2 8 1 6 10
1 4 1 1 10 10
1 3 1 6 11
2 1 2 2 4 15
10 2 2 2 12
2 13 1 7 4
1 2 6 2 6 2
1 4 1 3 2 3 5 2
3 3 3 1 3 5 1
2 3 2 8 4 7 1
1 2 3 3 3 3 8 1
1 1 6 1 1 3 10 1
1 1 2 1 1 2 1 3 11 1
1 1 2 2 2 1 16 1
2 4 1 2 2 1 2 13
2 3 2 2 1 2 2 12
4 2 2 2 3 2 1 9
2 2 3 2 2 1 7
3 2 3 3 1 5
3 4 2 4 2 4
3 4 4 2 2
8 5 2 1
19 2 1
11 7 3 1
11 6 3 1
11 5 3 1
