35 35
12 11 6
11 3 4 4
10 2 6 3 3
9 2 9 2 2
8 2 11 2 1
8 1 12 2
8 1 5 7 1
7 2 3 4 1
6 2 2 2 2 3 1
5 2 2 2 2 2 1
5 1 4 1 5 2 2
4 2 6 4 2 7 1 1
3 2 3 2 2 2 5 2 1
2 1 3 6 2 1 2
1 3 4 4 2 2
3 1 2 2 2 2 2 3
1 1 1 2 3 2 3 3
1 1 3 2 1 1 1 4 1 3
4 3 1 1 2 2 1 3
1 4 2 1 1 2 2 3
1 2 3 3 1 8 4
2 5 1 1 1 3 5
5 1 1 1 2 6
8 10 7
9 2 1 7
2 1 1
1 2 2
1 2 7
1 2 4
1 2 4
2 3 4
3 9
3 4 3
7 2
3
15 6
14 3 4
13 2 3 3
12 7 3
11 3 2 3
9 2 6 2
8 3 1 1 2
7 2 1 2 2 2
4 2 3 1 1 1
3 4 4 2 1
2 2 3 2 1
1 2 6 2 2 6
2 8 2 2 2 2
1 5 2 1 8 1
1 4 2 3 1 2 2
1 5 2 1 3 1 4 1
1 4 4 2 1 2 2 2
1 5 3 8 1 1
1 5 2 1 1 2 1 2 1
1 5 2 4 1 1 3
1 6 2 1 1 1 4
1 9 1 2 1 2 4
1 7 2 10 4
1 4 2 2 1 5
1 3 2 1 6
2 4 1 3 7
1 3 1 4 6
1 2 5
2 3 1 1 1 2
1 1 2 2 2 3
1 2 6 4
2 2 3 5
3 2 3 10
4 6 12
5 14
