45 45
11 5 3
16 2 2
19 2 1
21 1 2
8 12 1 6
5 2 10 2 3 1 1
5 3 10 3 3 1
4 14 2 1 1 2 3
4 15 2 1 2 2
3 14 1 5
3 4 14 1 2 1 4
2 2 2 4 7 1 7 2
2 2 2 8 1 7
2 2 1 9 1 4
2 1 1 9 4 2
2 1 5 1 1 9 2 2
2 6 1 1 9 2 7
3 5 1 11 1 12
3 4 1 5 4 4
7 2 5 1 3 5
6 1 5 4
3 1 10 7 5
5 1 9 21
5 15 16
5 13 1 17
5 6 7 17
4 4 25
4 26
27
1 23
5 2 7 10
3 2 7 9
2 1 3 7 7
2 3 1 1 4 6 6
1 3 2 1 4 5
5 3 2 1 7 4
3 1 4 2 1 1 4 3
2 2 3 2 4 2 1 2 3
1 3 2 2 1 3 1 7 2 4
4 2 2 2 4 1 7 2 3
4 2 1 1 1 4 9 3
3 1 1 3 3 4 4
2 3 2 2 11
1 1 2 1 10
1 1 8
13 1 5
17 4 4 3
8 10 3 2 4
7 4 9 2 2 6
6 2 12 1 5 3
5 2 6 6 2 3
4 1 6 1 2 3
5 1 5 3
5 1 3 3
4 1 1 3
4 2 2 8
4 4 2 7 6
5 4 2 3 4 3
5 4 3 6 6
6 4 8 7
12 12 3
12 9 2 3
12 10 5 3
11 16 2 3
10 7 8 2 10
16 10 1 3
17 10 2 3
19 7 1 3
17 8 1 3
14 2 5 2 8
10 2 4 1
5 2 7 2
1 2 2 7 2 1 1
2 3 2 9 1 2 2
2 4 12 1 3 3
2 2 1 1 13 1 3 3
1 6 2 2 13 1 3 3
1 1 3 1 13 2 7
1 5 5 1 8 3 1 7
1 2 4 2 2 1 9 2 1 6
1 3 1 1 2 1 9 1 1 4
1 2 1 1 2 4 10 1 1 2
2 1 5 3 11 4 2
4 2 2 2 12 2 2
1 1 1 2 2 13 2
1 1 2 3 1 14 2
2 3 1 1 1 15 4
3 3 4 13
2 3 11
2 8